Map from character to field name
A:	Beni
B:	Butembo
C:	Mabalako
D:	Mandima
E:	Oicha
F:	Unknown
G:	?


Substitution rate (mu): 205.605011

Equilibrium frequencies (pi_i):
  A: 0.1585
  B: 0.1433
  C: 0.2887
  D: 0.1284
  E: 0.1409
  F: 0.1403

Symmetrized rates from j->i (W_ij):
	A	B	C	D	E	F
  A	0	1.2933	1.3996	1.1855	1.0778	1.1856
  B	1.2933	0	1.0771	1.0779	1.078	1.078
  C	1.3996	1.0771	0	1.8309	1.1849	1.1848
  D	1.1855	1.0779	1.8309	0	1.0779	1.0779
  E	1.0778	1.078	1.1849	1.0779	0	1.078
  F	1.1856	1.078	1.1848	1.0779	1.078	0

Actual rates from j->i (Q_ij):
	A	B	C	D	E	F
  A	0	0.2049	0.2218	0.1878	0.1708	0.1879
  B	0.1853	0	0.1544	0.1545	0.1545	0.1545
  C	0.404	0.3109	0	0.5285	0.342	0.342
  D	0.1522	0.1384	0.2351	0	0.1384	0.1384
  E	0.1518	0.1519	0.1669	0.1519	0	0.1519
  F	0.1663	0.1512	0.1662	0.1512	0.1512	0
